vai_vasa_plate1_merged_193	4036	35862	0.112542524120239
vai_vasa_plate1_merged_194	4039	38572	0.104713263507207
vai_vasa_plate1_merged_196	4021	34613	0.116170225059949
vai_vasa_plate1_merged_197	3996	30761	0.129904749520497
vai_vasa_plate1_merged_198	4002	35720	0.112038073908175
vai_vasa_plate1_merged_199	3934	33111	0.118812479236508
vai_vasa_plate1_merged_200	4030	34346	0.117335352006056
vai_vasa_plate1_merged_202	4035	41042	0.0983139223234735
vai_vasa_plate1_merged_203	4049	39026	0.103751345257008
vai_vasa_plate1_merged_204	4011	33877	0.118398913717271
vai_vasa_plate1_merged_205	3992	30587	0.130512963023507
vai_vasa_plate1_merged_206	3996	35157	0.113661575219729
vai_vasa_plate1_merged_208	3949	33662	0.117313290951221
vai_vasa_plate1_merged_209	4035	34269	0.117744900639062
vai_vasa_plate1_merged_210	4036	38347	0.105249432810911
vai_vasa_plate1_merged_212	4075	36328	0.112172428980401
vai_vasa_plate1_merged_215	4006	35933	0.111485264241783
vai_vasa_plate1_merged_218	4055	35748	0.113432919324158
vai_vasa_plate1_merged_219	4057	35624	0.113883898495396
vai_vasa_plate1_merged_220	3979	37978	0.104771183316657
vai_vasa_plate1_merged_221	4009	30319	0.13222731620436
vai_vasa_plate1_merged_222	4022	35354	0.113763647677773
vai_vasa_plate1_merged_223	4051	35026	0.115656940558442
vai_vasa_plate1_merged_224	4003	33602	0.119129813701565
vai_vasa_plate1_merged_225	4055	32850	0.123439878234399
vai_vasa_plate1_merged_226	4074	41239	0.0987899803583986
vai_vasa_plate1_merged_227	4054	33695	0.120314586733937
vai_vasa_plate1_merged_228	4056	32532	0.124677240870527
vai_vasa_plate1_merged_229	4077	35355	0.11531607976241
vai_vasa_plate1_merged_230	4021	29223	0.137597098176094
vai_vasa_plate1_merged_232	4031	39390	0.102335618177202
vai_vasa_plate1_merged_233	4069	38164	0.106618803060476
vai_vasa_plate1_merged_234	4062	37076	0.1095587442011
vai_vasa_plate1_merged_236	4051	36557	0.110813250540252
vai_vasa_plate1_merged_239	4057	34853	0.116403179066364
vai_vasa_plate1_merged_240	4044	37783	0.107032263187148
vai_vasa_plate1_merged_241	4019	32231	0.124693617945456
vai_vasa_plate1_merged_242	4023	32424	0.124074759437454
vai_vasa_plate1_merged_245	4031	34379	0.117251810698391
vai_vasa_plate1_merged_246	4074	40342	0.100986564870358
vai_vasa_plate1_merged_248	4059	39954	0.101591830605196
vai_vasa_plate1_merged_250	4021	35850	0.112161785216179
vai_vasa_plate1_merged_251	4034	33202	0.121498704897295
vai_vasa_plate1_merged_252	4057	42199	0.096139718950686
vai_vasa_plate1_merged_254	4046	40564	0.0997436150281037
vai_vasa_plate1_merged_255	4049	37441	0.108143479073743
vai_vasa_plate1_merged_256	3984	33287	0.119686364046024
vai_vasa_plate1_merged_260	4064	35071	0.115879216446637
vai_vasa_plate1_merged_261	4063	31654	0.128356605800215
vai_vasa_plate1_merged_262	4020	33566	0.119764046952273
vai_vasa_plate1_merged_263	3984	35894	0.110993480804591
vai_vasa_plate1_merged_265	4009	34116	0.117510845351155
vai_vasa_plate1_merged_266	4055	35885	0.112999860666016
vai_vasa_plate1_merged_267	3945	34617	0.113961348470405
vai_vasa_plate1_merged_269	4011	34217	0.117222433293392
vai_vasa_plate1_merged_272	4046	33310	0.121465025517863
vai_vasa_plate1_merged_273	4024	35282	0.114052491355365
vai_vasa_plate1_merged_274	4040	35866	0.112641498912619
vai_vasa_plate1_merged_275	4052	36826	0.110030956389507
vai_vasa_plate1_merged_277	4055	37710	0.107531158843808
vai_vasa_plate1_merged_278	4063	36788	0.110443622920518
vai_vasa_plate1_merged_279	4035	36722	0.109879636185393
vai_vasa_plate1_merged_281	3995	33337	0.119836817950026
vai_vasa_plate1_merged_282	4066	37566	0.108236171005697
vai_vasa_plate1_merged_284	4076	38768	0.105138258357408
vai_vasa_plate1_merged_285	4051	34740	0.116609096142775
vai_vasa_plate1_merged_286	4080	36681	0.111229246748998
vai_vasa_plate1_merged_287	3992	34723	0.114967024738646
vai_vasa_plate1_merged_288	4070	39328	0.103488608624898
vai_vasa_plate1_merged_289	3952	32343	0.122190273011162
vai_vasa_plate1_merged_290	4004	35155	0.113895605177073
vai_vasa_plate1_merged_291	3943	30736	0.128286048932847
vai_vasa_plate1_merged_292	4044	38984	0.103734865585881
vai_vasa_plate1_merged_293	3993	29956	0.133295500066765
vai_vasa_plate1_merged_294	4051	39672	0.102112321032466
vai_vasa_plate1_merged_296	4051	38950	0.10400513478819
vai_vasa_plate1_merged_298	3966	33285	0.119152771518702
vai_vasa_plate1_merged_300	3950	26741	0.147713249317527
vai_vasa_plate1_merged_302	3948	32880	0.12007299270073
vai_vasa_plate1_merged_305	3972	31433	0.126364012343715
vai_vasa_plate1_merged_307	4047	32711	0.12371984959188
vai_vasa_plate1_merged_308	4046	35123	0.115195171255303
vai_vasa_plate1_merged_310	4021	32374	0.12420460863656
vai_vasa_plate1_merged_314	4065	35416	0.114778631127174
vai_vasa_plate1_merged_315	3984	34539	0.115347867627899
vai_vasa_plate1_merged_316	4053	36550	0.110889192886457
vai_vasa_plate1_merged_317	3960	32738	0.12096035188466
vai_vasa_plate1_merged_319	3909	32627	0.119808747356484
vai_vasa_plate1_merged_320	4044	36471	0.110882619067204
vai_vasa_plate1_merged_321	3983	31402	0.126839054837272
vai_vasa_plate1_merged_322	4053	32431	0.124973019641701
vai_vasa_plate1_merged_323	3821	30162	0.126682580730721
vai_vasa_plate1_merged_325	3953	32099	0.123150253901991
vai_vasa_plate1_merged_327	3968	32003	0.123988376089742
vai_vasa_plate1_merged_328	4055	33797	0.119981063407995
vai_vasa_plate1_merged_329	3953	31185	0.126759660092993
vai_vasa_plate1_merged_331	3975	36312	0.109467944481163
vai_vasa_plate1_merged_332	4043	39939	0.101229374796565
vai_vasa_plate1_merged_333	4010	29641	0.13528558415708
vai_vasa_plate1_merged_335	3982	34843	0.114284074276038
vai_vasa_plate1_merged_336	4063	40817	0.0995418575593503
vai_vasa_plate1_merged_340	4057	35007	0.115891107492787
vai_vasa_plate1_merged_342	3987	36180	0.110199004975124
vai_vasa_plate1_merged_344	3995	34714	0.115083251714006
vai_vasa_plate1_merged_345	4005	33439	0.11977032806005
vai_vasa_plate1_merged_346	3971	34326	0.115684903571637
vai_vasa_plate1_merged_347	3992	30562	0.130619723840063
vai_vasa_plate1_merged_349	4019	33727	0.119162688647078
vai_vasa_plate1_merged_350	3918	31995	0.122456633849039
vai_vasa_plate1_merged_351	3875	24740	0.156628940986257
vai_vasa_plate1_merged_352	4041	37029	0.109130681357855
vai_vasa_plate1_merged_353	3983	31680	0.12572601010101
vai_vasa_plate1_merged_354	4032	35938	0.112193221659525
vai_vasa_plate1_merged_356	4063	31266	0.129949465873473
vai_vasa_plate1_merged_357	4050	29057	0.139381216230168
vai_vasa_plate1_merged_358	4077	36546	0.111558036447217
vai_vasa_plate1_merged_359	3899	30557	0.127597604476879
vai_vasa_plate1_merged_360	4023	31280	0.128612531969309
vai_vasa_plate1_merged_363	4028	34216	0.117722702829086
vai_vasa_plate1_merged_364	4031	33073	0.121881897620415
vai_vasa_plate1_merged_365	4041	38532	0.104873871068203
vai_vasa_plate1_merged_366	3985	35668	0.111724795334754
vai_vasa_plate1_merged_367	4037	33923	0.119004804999558
vai_vasa_plate1_merged_368	4037	37465	0.107753903643401
vai_vasa_plate1_merged_369	3980	33644	0.11829746760195
vai_vasa_plate1_merged_370	3919	34891	0.112321228970222
vai_vasa_plate1_merged_371	4036	37218	0.108442151647052
vai_vasa_plate1_merged_372	3939	36649	0.107479058091626
vai_vasa_plate1_merged_373	4036	38310	0.105351083268076
vai_vasa_plate1_merged_374	4043	39591	0.102119168497891
vai_vasa_plate1_merged_376	4010	37656	0.106490333545783
vai_vasa_plate1_merged_378	4050	38037	0.106475274075243
vai_vasa_plate1_merged_380	4076	40369	0.100968564987986
vai_vasa_plate1_merged_381	4055	36041	0.112510751643961
vai_vasa_plate1_merged_383	3953	32455	0.121799414574026
vai_vasa_plate2_merged_192	3985	31897	0.124933379314669
vai_vasa_plate2_merged_193	4014	36124	0.111117262761599
vai_vasa_plate2_merged_194	4012	37319	0.107505560170423
vai_vasa_plate2_merged_195	3920	23006	0.17039033295662
vai_vasa_plate2_merged_197	4027	34379	0.117135460600948
vai_vasa_plate2_merged_198	4004	39438	0.10152644657437
vai_vasa_plate2_merged_199	3916	33749	0.116033067646449
vai_vasa_plate2_merged_200	4029	37033	0.108794858639592
vai_vasa_plate2_merged_202	4020	40592	0.0990342924714229
vai_vasa_plate2_merged_204	3998	33771	0.118385597109946
vai_vasa_plate2_merged_205	3949	28872	0.136776115267387
vai_vasa_plate2_merged_206	4026	39412	0.102151628945499
vai_vasa_plate2_merged_208	3864	29859	0.129408218627549
vai_vasa_plate2_merged_209	3959	27093	0.146126305687816
vai_vasa_plate2_merged_210	4031	40035	0.100686898963407
vai_vasa_plate2_merged_211	4014	28299	0.141842467931729
vai_vasa_plate2_merged_212	4050	30891	0.131106147421579
vai_vasa_plate2_merged_213	4058	34543	0.117476768086153
vai_vasa_plate2_merged_214	3901	27341	0.142679492337515
vai_vasa_plate2_merged_215	3976	35437	0.112199113920479
vai_vasa_plate2_merged_216	3999	35181	0.113669310138995
vai_vasa_plate2_merged_218	4046	37300	0.108471849865952
vai_vasa_plate2_merged_219	4046	35145	0.115123061601935
vai_vasa_plate2_merged_220	3945	38128	0.103467268149392
vai_vasa_plate2_merged_221	4026	32243	0.124864311633533
vai_vasa_plate2_merged_223	4059	39017	0.104031575979701
vai_vasa_plate2_merged_224	3981	33856	0.117586247637051
vai_vasa_plate2_merged_225	4039	31583	0.127885254725644
vai_vasa_plate2_merged_226	4024	32611	0.123393946827758
vai_vasa_plate2_merged_227	4050	35901	0.11281022812735
vai_vasa_plate2_merged_228	4008	31571	0.126951949573976
vai_vasa_plate2_merged_229	4073	36527	0.111506556793605
vai_vasa_plate2_merged_230	4064	41004	0.0991122817286118
vai_vasa_plate2_merged_231	4045	37804	0.106999259337636
vai_vasa_plate2_merged_232	4006	32669	0.122623894211638
vai_vasa_plate2_merged_233	4073	41392	0.0984006571318129
vai_vasa_plate2_merged_234	4055	34492	0.11756349298388
vai_vasa_plate2_merged_235	4068	35390	0.114947725346143
vai_vasa_plate2_merged_239	4051	34328	0.118008622698672
vai_vasa_plate2_merged_241	4025	36687	0.109711887044457
vai_vasa_plate2_merged_242	4040	35541	0.113671534284348
vai_vasa_plate2_merged_243	4046	37723	0.107255520504732
vai_vasa_plate2_merged_244	4007	37980	0.10550289626119
vai_vasa_plate2_merged_245	4037	31134	0.129665317659151
vai_vasa_plate2_merged_246	4063	40487	0.100353199792526
vai_vasa_plate2_merged_247	4024	32179	0.125050498772491
vai_vasa_plate2_merged_248	4058	40265	0.100782317148889
vai_vasa_plate2_merged_249	3927	26637	0.147426511994594
vai_vasa_plate2_merged_250	4009	37110	0.108030180544328
vai_vasa_plate2_merged_251	3954	26177	0.151048630477136
vai_vasa_plate2_merged_252	4039	41051	0.0983898078000536
vai_vasa_plate2_merged_253	3944	29540	0.133513879485443
vai_vasa_plate2_merged_254	4015	32690	0.122820434383604
vai_vasa_plate2_merged_255	4017	32535	0.123467035500231
vai_vasa_plate2_merged_256	3946	33517	0.117731300534057
vai_vasa_plate2_merged_259	4036	35365	0.114124134030821
vai_vasa_plate2_merged_260	4069	35137	0.115803853487776
vai_vasa_plate2_merged_261	4066	32001	0.127058529420956
vai_vasa_plate2_merged_262	4009	35049	0.114382721332991
vai_vasa_plate2_merged_263	3953	35177	0.112374562924638
vai_vasa_plate2_merged_266	4017	29998	0.133908927261817
vai_vasa_plate2_merged_268	4075	35911	0.1134749798112
vai_vasa_plate2_merged_270	4051	40704	0.0995233883647799
vai_vasa_plate2_merged_271	3966	30162	0.131489954247066
vai_vasa_plate2_merged_272	4020	33306	0.12069897315799
vai_vasa_plate2_merged_275	3986	29482	0.135201139678448
vai_vasa_plate2_merged_276	4058	37378	0.1085665364653
vai_vasa_plate2_merged_277	4022	34078	0.118023358178297
vai_vasa_plate2_merged_278	4047	36515	0.110831165274545
vai_vasa_plate2_merged_279	3990	33848	0.117879933821792
vai_vasa_plate2_merged_281	3988	30265	0.131769370560053
vai_vasa_plate2_merged_282	4054	36619	0.110707556186679
vai_vasa_plate2_merged_283	4007	29006	0.138143832310556
vai_vasa_plate2_merged_284	4063	34879	0.116488431434387
vai_vasa_plate2_merged_285	4062	36857	0.110209729495076
vai_vasa_plate2_merged_286	4081	37858	0.107797559300544
vai_vasa_plate2_merged_287	3936	29852	0.131850462280584
vai_vasa_plate2_merged_288	4068	35805	0.113615416841223
vai_vasa_plate2_merged_289	3960	34704	0.114107883817427
vai_vasa_plate2_merged_290	3942	34400	0.114593023255814
vai_vasa_plate2_merged_291	3923	32667	0.120090611320293
vai_vasa_plate2_merged_292	4010	34055	0.117750697401263
vai_vasa_plate2_merged_293	3964	29903	0.132561950305989
vai_vasa_plate2_merged_294	4042	38201	0.105808748462082
vai_vasa_plate2_merged_295	4016	34457	0.116551063644542
vai_vasa_plate2_merged_296	4009	33044	0.121323084372352
vai_vasa_plate2_merged_297	4002	30481	0.131294905022801
vai_vasa_plate2_merged_302	3939	36243	0.108683056038407
vai_vasa_plate2_merged_304	3983	33100	0.120332326283988
vai_vasa_plate2_merged_305	3901	26609	0.146604532301101
vai_vasa_plate2_merged_307	4067	35954	0.113116760304834
vai_vasa_plate2_merged_308	4039	36277	0.111337762218486
vai_vasa_plate2_merged_309	4035	32019	0.126018926262532
vai_vasa_plate2_merged_310	3984	30042	0.132614339924106
vai_vasa_plate2_merged_312	3947	30983	0.127392441016041
vai_vasa_plate2_merged_314	4063	37455	0.108476838873315
vai_vasa_plate2_merged_316	4059	37140	0.109289176090468
vai_vasa_plate2_merged_317	3908	31781	0.122966552342595
vai_vasa_plate2_merged_326	4041	38340	0.105399061032864
vai_vasa_plate2_merged_327	3997	36978	0.10809129752826
vai_vasa_plate2_merged_331	3940	30249	0.130252239743463
vai_vasa_plate2_merged_332	4005	33461	0.119691581243836
vai_vasa_plate2_merged_333	4017	32631	0.12310379700285
vai_vasa_plate2_merged_335	3910	31275	0.12501998401279
vai_vasa_plate2_merged_336	4040	35211	0.114736872000227
vai_vasa_plate2_merged_339	3976	29342	0.135505418853521
vai_vasa_plate2_merged_340	4056	37253	0.108877137411752
vai_vasa_plate2_merged_341	3955	30393	0.130128648043957
vai_vasa_plate2_merged_342	3980	37653	0.105702068892253
vai_vasa_plate2_merged_344	3973	31447	0.126339555442491
vai_vasa_plate2_merged_345	3972	31153	0.12749975925272
vai_vasa_plate2_merged_347	3937	27671	0.14227892016913
vai_vasa_plate2_merged_348	3962	32220	0.122967101179392
vai_vasa_plate2_merged_349	4018	35332	0.113721272500849
vai_vasa_plate2_merged_350	3898	33238	0.117275407665925
vai_vasa_plate2_merged_351	3967	31317	0.126672414343647
vai_vasa_plate2_merged_352	4013	32855	0.122142748440116
vai_vasa_plate2_merged_355	3991	28476	0.140153111392049
vai_vasa_plate2_merged_356	4075	35795	0.113842715463053
vai_vasa_plate2_merged_357	4061	28953	0.140261803612752
vai_vasa_plate2_merged_358	4068	34847	0.116738887135191
vai_vasa_plate2_merged_359	3800	25428	0.149441560484505
vai_vasa_plate2_merged_360	4010	31002	0.129346493774595
vai_vasa_plate2_merged_363	3996	32293	0.123741987427616
vai_vasa_plate2_merged_364	4032	37609	0.10720838097264
vai_vasa_plate2_merged_365	4021	31958	0.12582139057513
vai_vasa_plate2_merged_366	3936	32645	0.120569765660898
vai_vasa_plate2_merged_367	4020	32843	0.122400511524526
vai_vasa_plate2_merged_368	4018	35824	0.112159446181331
vai_vasa_plate2_merged_369	3978	31603	0.125874125874126
vai_vasa_plate2_merged_370	3905	36722	0.106339523991068
vai_vasa_plate2_merged_371	3983	30539	0.13042339303841
vai_vasa_plate2_merged_372	3917	35127	0.111509664930111
vai_vasa_plate2_merged_373	3991	35394	0.112759224727355
vai_vasa_plate2_merged_376	3981	36730	0.108385515927035
vai_vasa_plate2_merged_378	4024	30931	0.130096020173936
vai_vasa_plate2_merged_380	4073	38366	0.106161705676901
vai_vasa_plate2_merged_381	4048	35603	0.113698283852484
vai_vasa_plate2_merged_383	3942	33985	0.115992349565985
