SRR14068402	100	13239	0.00755344
SRR14068403	104	16419	0.00633413
SRR14068404	91	11411	0.00797476
SRR14068405	106	13877	0.00763854
SRR14068406	99	11773	0.00840907
SRR14068407	99	14618	0.00677247
SRR14068408	118	14380	0.00820584
SRR14068409	99	13781	0.0071838
SRR14068410	112	13525	0.00828096
SRR14068411	117	13432	0.00871054
SRR14068412	112	14093	0.00794721
SRR14068413	110	12975	0.00847784
SRR14068414	111	14949	0.00742525
SRR14068415	117	14761	0.00792629
SRR14068416	85	11493	0.00739581
SRR14068417	153	24397	0.00627126
SRR14068418	73	20525	0.00355664
SRR14068419	104	19961	0.00521016
SRR14068420	107	17748	0.00602885
SRR14068421	90	14605	0.00616227
SRR14068422	109	19644	0.00554877
SRR14068423	117	17360	0.00673963
SRR14068425	8	7667	0.00104343
SRR14068426	9	8233	0.00109316
SRR14068427	9	8451	0.00106496
SRR14068428	121	17628	0.00686408
SRR14068429	10	9433	0.00106011
SRR14068430	15	8703	0.00172354
SRR14068431	7	10157	0.00068918
SRR14068433	3	8308	0.000361098
SRR14068434	110	18616	0.0059089
SRR14068435	124	19262	0.00643755
SRR14068436	119	18853	0.00631199
SRR14068438	137	18460	0.00742145
SRR14068439	89	20687	0.00430222
SRR14068440	110	18758	0.00586416
SRR14068441	88	18089	0.00486483
SRR14068442	109	22113	0.00492923
SRR14068443	91	15147	0.00600779
SRR14068444	101	17795	0.00567575
SRR14068445	117	20843	0.0056134
SRR14068446	123	19429	0.00633074
SRR14068447	115	17948	0.0064074
SRR14068448	104	15132	0.00687285
SRR14068450	101	17171	0.00588201
SRR14068451	104	19745	0.00526716
SRR14068452	116	18895	0.00613919
SRR14068454	104	17576	0.00591716
SRR14068455	121	19562	0.00618546
SRR14068456	89	18939	0.0046993
SRR14068457	114	17713	0.00643595
SRR14068458	115	16853	0.00682371
SRR14068459	111	19011	0.00583872
SRR14068460	138	22896	0.00602725
SRR14068461	114	17937	0.00635558
SRR14068462	111	19258	0.00576384
SRR14068463	124	17581	0.00705307
SRR14068464	7	7925	0.000883281
SRR14068465	107	18198	0.00587977
SRR14068466	117	15211	0.0076918
SRR14068467	104	14519	0.00716303
SRR14068468	76	15163	0.0050122
SRR14068469	98	14542	0.0067391
SRR14068470	99	15539	0.00637107
SRR14068471	84	14211	0.00591091
SRR14068473	85	14207	0.00598297
SRR14068474	109	15282	0.00713257
SRR14068476	75	16128	0.0046503
SRR14068478	87	16715	0.00520491
SRR14068479	66	17192	0.00383899
SRR14068480	66	14035	0.00470253
SRR14068481	109	15852	0.0068761
SRR14068482	105	13446	0.00780901
SRR14068483	123	14881	0.00826557
SRR14068484	96	17181	0.00558757
SRR14068485	95	14112	0.00673186
SRR14068486	112	21875	0.00512
SRR14068487	86	17456	0.00492667
SRR14068488	103	19259	0.00534815
SRR14068489	113	12487	0.00904941
SRR14068490	86	14965	0.00574674
SRR14068492	87	12615	0.00689655
SRR14068493	84	15706	0.00534827
SRR14068494	97	11228	0.00863912
SRR14068495	78	16878	0.0046214
SRR14068497	85	17735	0.00479278
SRR14068498	110	16380	0.00671551
SRR14068499	66	15864	0.00416036
SRR14068500	91	16249	0.00560034
SRR14068501	108	18795	0.00574621
SRR14068502	78	17054	0.00457371
SRR14068503	84	18303	0.00458941
SRR14068504	83	17356	0.00478221
SRR14068505	71	12038	0.00589799
SRR14068506	73	14381	0.00507614
SRR14068507	106	13416	0.00790101
SRR14068508	94	18169	0.00517365
SRR14068509	98	18169	0.0053938
SRR14068510	83	18319	0.00453082
SRR14068511	97	18585	0.00521926
SRR14068512	5	8250	0.000606061
SRR14068514	105	14000	0.0075
SRR14068515	138	15488	0.00891012
SRR14068516	88	13792	0.00638051
SRR14068517	88	15920	0.00552764
SRR14068519	78	17300	0.00450867
SRR14068520	121	15154	0.00798469
SRR14068521	100	15246	0.0065591
SRR14068522	88	15737	0.00559192
SRR14068523	72	16053	0.00448514
SRR14068524	82	17287	0.00474345
SRR14068525	100	17842	0.00560475
SRR14068526	131	13887	0.00943328
SRR14068527	79	18865	0.00418765
SRR14068528	67	14183	0.00472397
SRR14068529	72	14551	0.00494811
SRR14068530	104	16479	0.00631106
SRR14068531	104	11879	0.00875495
SRR14068532	114	17518	0.00650759
SRR14068533	87	17708	0.00491303
SRR14068534	85	15103	0.00562802
SRR14068535	106	21244	0.00498964
SRR14068536	93	18909	0.00491829
SRR14068537	246	11656	0.021105
SRR14068538	108	12283	0.00879264
SRR14068539	98	13933	0.00703366
SRR14068540	115	14499	0.00793158
SRR14068541	116	16171	0.00717333
SRR14068542	111	12523	0.00886369
SRR14068543	106	13318	0.00795915
SRR14068545	82	15696	0.00522426
SRR14068546	66	15807	0.00417537
SRR14068547	77	15338	0.00502021
SRR14068548	79	18173	0.00434711
SRR14068549	98	16714	0.00586335
SRR14068550	87	19228	0.00452465
SRR14068552	91	15298	0.00594849
SRR14068553	80	16881	0.00473906
SRR14068554	109	17291	0.00630386
SRR14068555	180	12292	0.0146437
SRR14068556	102	18394	0.00554529
SRR14068557	82	18030	0.00454798
SRR14068558	85	18832	0.00451359
SRR14068559	103	18944	0.00543708
SRR14068560	95	19261	0.00493225
SRR14068561	83	11176	0.00742663
SRR14068562	86	12962	0.00663478
SRR14068564	73	15127	0.00482581
SRR14068565	74	13309	0.00556015
SRR14068566	152	14353	0.0105901
SRR14068567	94	15278	0.00615264
SRR14068568	119	13081	0.00909716
SRR14068569	84	15426	0.00544535
SRR14068570	70	13744	0.00509313
SRR14068571	69	14249	0.00484245
SRR14068572	93	20506	0.00453526
SRR14068573	112	16621	0.00673846
SRR14068574	96	16067	0.00597498
SRR14068575	55	16055	0.00342572
SRR14068576	84	18266	0.00459871
SRR14068577	88	15635	0.0056284
SRR14068578	89	16310	0.00545677
SRR14068579	162	12648	0.0128083
SRR14068580	67	18427	0.00363597
SRR14068621	102	17201	0.00592989
SRR14068622	108	15441	0.00699437
SRR14068624	84	18091	0.00464319
SRR14068625	4	7978	0.000501379
SRR14068626	12	8062	0.00148846
SRR14068627	8	8594	0.000930882
SRR14068629	4	10122	0.000395179
SRR14068630	7	9034	0.000774851
SRR14068631	15	8303	0.00180658
SRR14068632	13	7912	0.00164307
SRR14068633	10	9259	0.00108003
SRR14068634	136	20426	0.00665818
SRR14068635	145	23360	0.00620719
SRR14068636	162	22144	0.00731575
SRR14068637	82	16667	0.0049199
SRR14068638	110	18442	0.00596465
SRR14068639	70	15015	0.004662
SRR14068641	125	18239	0.00685345
SRR14068642	93	17558	0.00529673
SRR14068643	104	18970	0.00548234
SRR14068644	124	22128	0.00560376
SRR14068645	99	19779	0.00500531
SRR14068646	114	16758	0.00680272
SRR14068647	93	16944	0.00548867
SRR14068648	102	19524	0.00522434
SRR14068649	114	18229	0.00625377
SRR14068651	106	18883	0.00561351
SRR14068652	124	17578	0.00705427
SRR14068653	83	17502	0.00474232
SRR14068654	139	18232	0.00762396
SRR14068655	137	20005	0.00684829
SRR14068656	108	17410	0.00620333
SRR14068657	139	17859	0.00778319
SRR14068659	54	3702	0.0145867
SRR14068661	94	16483	0.00570285
SRR14068663	95	21035	0.00451628
SRR14068664	127	17081	0.00743516
SRR14068665	103	17125	0.0060146
SRR14068666	82	15043	0.00545104
SRR14068667	112	20139	0.00556135
SRR14068668	94	16874	0.0055707
SRR14068669	88	14214	0.00619108
SRR14068670	72	17156	0.00419678
SRR14068671	89	17826	0.00499271
SRR14068672	96	21304	0.0045062
SRR14068673	83	18147	0.00457376
SRR14068674	8	8624	0.000927644
SRR14068675	98	20140	0.00486594
SRR14068677	5	8780	0.000569476
SRR14068680	10	8050	0.00124224
SRR14068681	93	16099	0.00577676
SRR14068682	113	16387	0.00689571
SRR14068683	124	16718	0.00741716
SRR14068684	69	18469	0.00373599
SRR14068685	83	15711	0.00528292
SRR14068686	115	11911	0.00965494
SRR14068687	111	19761	0.00561712
SRR14068688	111	17060	0.00650645
SRR14068689	89	16801	0.0052973
SRR14068690	80	14152	0.00565291
SRR14068691	102	16220	0.00628853
SRR14068692	101	17235	0.00586017
SRR14068695	112	19442	0.00576072
SRR14068696	106	16348	0.00648397
SRR14068697	93	19294	0.00482015
SRR14068698	90	18049	0.00498643
SRR14068699	88	16551	0.0053169
SRR14068700	81	16171	0.00500897
SRR14068701	113	19997	0.00565085
SRR14068702	89	13803	0.00644787
SRR14068703	102	18447	0.00552935
SRR14068704	118	18311	0.00644421
SRR14068705	98	14125	0.00693805
SRR14068706	154	17698	0.00870155
SRR14068707	123	21573	0.00570157
SRR14068708	91	15292	0.00595082
SRR14068709	88	17850	0.00492997
SRR14068711	91	15152	0.00600581
SRR14068712	76	17096	0.00444548
SRR14068713	114	18831	0.00605385
SRR14068714	73	16092	0.00453642
SRR14068715	70	15847	0.00441724
SRR14068716	86	16005	0.00537332
SRR14068717	115	18111	0.00634973
SRR14068718	84	16499	0.00509122
SRR14068719	88	17945	0.00490387
SRR14068720	112	21176	0.00528901
SRR14068721	96	17076	0.00562193
SRR14068722	92	18086	0.00508681
SRR14068723	130	16186	0.00803163
SRR14068724	86	17478	0.00492047
SRR14068725	2	9291	0.000215262
SRR14068726	6	9380	0.000639659
SRR14068727	2	8105	0.000246761
SRR14068728	7	7825	0.000894569
SRR14068729	105	15545	0.00675458
SRR14068730	72	13833	0.00520494
SRR14068731	113	16645	0.00678883
SRR14068732	109	14103	0.00772885
SRR14068733	90	13925	0.0064632
SRR14068734	100	15110	0.00661813
SRR14068735	89	16447	0.00541132
SRR14068737	93	14767	0.00629783
SRR14068740	127	18268	0.00695205
SRR14068741	102	18255	0.00558751
SRR14068742	69	13901	0.00496367
SRR14068743	91	16785	0.00542151
SRR14068744	76	15140	0.00501982
SRR14068745	115	13985	0.0082231
SRR14068746	78	17000	0.00458824
SRR14068747	140	17142	0.00816708
SRR14068748	74	16709	0.00442875
SRR14068749	100	17169	0.00582445
SRR14068750	103	17452	0.0059019
SRR14068751	117	14620	0.00800274
SRR14068753	107	17398	0.00615013
SRR14068754	87	14766	0.00589191
SRR14068755	126	18441	0.0068326
SRR14068756	74	16180	0.00457355
SRR14068757	82	14971	0.00547726
SRR14068758	131	16674	0.00785654
SRR14068759	119	16881	0.00704935
SRR14068760	92	17929	0.00513135
SRR14068761	88	16837	0.00522658
SRR14068762	92	15706	0.00585763
SRR14068763	90	15856	0.00567608
SRR14068764	79	16576	0.00476593
SRR14068765	77	14616	0.0052682
SRR14068766	94	17504	0.0053702
SRR14068767	120	18111	0.00662581
SRR14068768	81	17428	0.00464769
SRR14068769	83	17500	0.00474286
SRR14068770	106	16683	0.00635377
SRR14068772	158	18989	0.00832061
SRR14068773	101	17375	0.00581295
SRR14068774	4	8578	0.000466309
